Application Expid TCP TLS DNS Data 
bbc.mobile.news.uk 1 0.40084835631 0.0 0.0 0.59915164369
bbc.mobile.news.uk 2 0.233944954128 0.0 0.0 0.766055045872
bbc.mobile.news.uk 3 0.242788461538 0.0 0.0 0.757211538462
bbc.mobile.news.uk 4 0.363523573201 0.0 0.0 0.636476426799
bbc.mobile.news.uk 5 0.311594202899 0.0 0.0 0.688405797101
bbc.mobile.news.uk 6 0.394511149228 0.0 0.0 0.605488850772
bbc.mobile.news.uk 7 0.215300546448 0.0 0.0 0.784699453552
bbc.mobile.news.uk 8 0.335877862595 0.0 0.0 0.664122137405
bbc.mobile.news.uk 9 0.26726342711 0.0 0.0 0.73273657289
bbc.mobile.news.uk 10 0.215742251223 0.0 0.0 0.784257748777
com.abtnprojects.ambatana 1 0.0468435498628 0.182067703568 0.0423604757548 0.728728270814
com.abtnprojects.ambatana 2 0.0573643410853 0.240451021846 0.0652572233968 0.636927413672
com.abtnprojects.ambatana 3 0.0586809542033 0.288046944763 0.0590636560786 0.594208444955
com.abtnprojects.ambatana 4 0.0506346770819 0.296136141721 0.0645836239364 0.58864555726
com.abtnprojects.ambatana 5 0.0457509353287 0.198289684661 0.0494922501336 0.706467129877
com.abtnprojects.ambatana 6 0.0547631862217 0.286194833154 0.0622981700753 0.596743810549
com.abtnprojects.ambatana 7 0.0468631897203 0.217183169564 0.0583270345175 0.677626606198
com.abtnprojects.ambatana 8 0.0533585830456 0.196613568007 0.0515762504177 0.69845159853
com.abtnprojects.ambatana 9 0.0679666525364 0.260703688003 0.0654232019217 0.605906457539
com.abtnprojects.ambatana 10 0.0528943462421 0.334232897045 0.0624746997706 0.550398056942
com.amazon.mShop.android.shopping 1 0.0971891376846 0.239161505479 0.00371605526441 0.659933301572
com.amazon.mShop.android.shopping 2 0.0887542044805 0.258488290918 0.003712635654 0.649044868947
com.amazon.mShop.android.shopping 3 0.0552971214718 0.245356930503 0.00409219684516 0.69525375118
com.amazon.mShop.android.shopping 4 0.109238202492 0.239364987104 0.00425037236168 0.647146438043
com.amazon.mShop.android.shopping 5 0.0654870788572 0.204576445937 0.00389130940899 0.726045165796
com.amazon.mShop.android.shopping 6 0.0504238367228 0.204278386146 0.00425655764543 0.741041219486
com.amazon.mShop.android.shopping 7 0.0464710490706 0.216829285663 0.00416636991667 0.732533295349
com.amazon.mShop.android.shopping 8 0.0897027207354 0.225739491437 0.00433686707688 0.68022092075
com.amazon.mShop.android.shopping 9 0.0872900207103 0.214965099333 0.0044872286569 0.6932576513
com.amazon.mShop.android.shopping 10 0.0950162471127 0.237168695925 0.00458051129468 0.663234545668
com.cnn.mobile.android.phone 1 0.0461637891238 0.100729387868 0.0138491367371 0.839257686271
com.cnn.mobile.android.phone 2 0.108732876712 0.0535102739726 0.0321061643836 0.805650684932
com.cnn.mobile.android.phone 3 0.454320987654 0.0 0.37037037037 0.175308641975
com.cnn.mobile.android.phone 4 0.023653088042 0.0580376697328 0.0328515111695 0.885457731056
com.cnn.mobile.android.phone 5 0.0799614643545 0.0361271676301 0.02408477842 0.859826589595
com.cnn.mobile.android.phone 6 0.122983148082 0.0536034420939 0.02689135891 0.796522050914
com.cnn.mobile.android.phone 7 nan nan nan nan
com.cnn.mobile.android.phone 8 0.0264187866928 0.0473581213307 0.0293542074364 0.89686888454
com.cnn.mobile.android.phone 9 0.407035175879 0.0 0.376884422111 0.21608040201
com.cnn.mobile.android.phone 10 0.150769230769 0.0 0.461538461538 0.387692307692
com.google.android.apps.maps 1 0.0551187172371 0.191026827012 0.0 0.753854455751
com.google.android.apps.maps 2 0.077502027575 0.205287915653 0.0 0.717210056772
com.google.android.apps.maps 3 0.069557930023 0.243662266918 0.0 0.686779803059
com.google.android.apps.maps 4 0.115256124722 0.282201187825 0.0 0.602542687454
com.google.android.apps.maps 5 0.281060393914 0.221879958928 0.0 0.497059647158
com.google.android.apps.maps 6 0.1545920642 0.307400802497 0.0 0.538007133304
com.google.android.apps.maps 7 0.124030183867 0.329365501116 0.0 0.546604315018
com.google.android.apps.maps 8 0.116525840047 0.296030654353 0.0 0.5874435056
com.google.android.apps.maps 9 0.107231672138 0.257634536954 0.0 0.635133790908
com.google.android.apps.maps 10 0.0818891872102 0.197949719307 0.0 0.720161093483
com.google.android.youtube 1 0.0618774170866 0.162896988164 0.0714871674675 0.703738427282
com.google.android.youtube 2 0.0990536926558 0.257663032298 0.0627442912981 0.580538983748
com.google.android.youtube 3 0.0821040209053 0.150636432606 0.0514203827025 0.715839163787
com.google.android.youtube 4 0.0792205041305 0.162995128151 0.064604956577 0.693179411142
com.google.android.youtube 5 0.0771481517605 0.152930849507 0.059494782015 0.710426216717
com.google.android.youtube 6 0.0824040264482 0.151583933682 0.0601993486628 0.705812691207
com.google.android.youtube 7 0.095873243219 0.159788738698 0.0546056754095 0.689732342673
com.google.android.youtube 8 0.0431489116886 0.136254674465 0.0584907469556 0.76210566689
com.google.android.youtube 9 0.145881233648 0.173947514469 0.0483628002854 0.631808451598
com.google.android.youtube 10 0.10480189885 0.158480920212 0.0556874201205 0.681029760818
com.microsoft.office.outlook 1 0.0381831342743 0.243213897937 0.0260586319218 0.692544335867
com.microsoft.office.outlook 2 0.0484242890085 0.240584166026 0.0276710222905 0.683320522675
com.microsoft.office.outlook 3 0.056916426513 0.209894332373 0.0345821325648 0.698607108549
com.microsoft.office.outlook 4 0.070429697432 0.20035596237 0.0366132723112 0.692601067887
com.microsoft.office.outlook 5 0.0915597235933 0.206071076012 0.035538005923 0.666831194472
com.microsoft.office.outlook 6 0.111553784861 0.182318345665 0.0273192942516 0.678808575223
com.microsoft.office.outlook 7 0.257802588176 0.230398376047 0.0365389495052 0.475260086273
com.microsoft.office.outlook 8 0.0700028926815 0.238646225051 0.041654613827 0.649696268441
com.microsoft.office.outlook 9 0.0493920972644 0.279635258359 0.0364741641337 0.634498480243
com.microsoft.office.outlook 10 0.145923677363 0.186036426713 0.031222896791 0.636816999133
com.particlenews.newsbreak 1 0.110156392827 0.130449234656 0.0 0.759394372517
com.particlenews.newsbreak 2 nan nan nan nan
com.particlenews.newsbreak 3 0.104167941735 0.103861925454 0.0 0.791970132811
com.particlenews.newsbreak 4 0.0651314893037 0.178907208066 0.0 0.75596130263
com.particlenews.newsbreak 5 0.0694639887425 0.126327235512 0.0 0.804208775745
com.particlenews.newsbreak 6 0.0841216707903 0.135860864503 0.0 0.780017464707
com.particlenews.newsbreak 7 0.0762970498474 0.123739942662 0.0 0.799963007491
com.particlenews.newsbreak 8 0.0640492286358 0.107557635639 0.0 0.828393135725
com.particlenews.newsbreak 9 0.0595509559726 0.113751973338 0.0 0.826697070689
com.particlenews.newsbreak 10 0.0738864398974 0.109349299296 0.0 0.816764260807
com.soundcloud.android 1 0.122908251587 0.351591282347 0.0 0.525500466066
com.soundcloud.android 2 0.0961430967021 0.128228060369 0.0 0.775628842929
com.soundcloud.android 3 0.0399565099212 0.0988040228323 0.0 0.861239467247
com.soundcloud.android 4 0.0686638388123 0.119167550371 0.0 0.812168610817
com.soundcloud.android 5 0.0426378624218 0.128482092098 0.0 0.82888004548
com.soundcloud.android 6 0.0363157894737 0.0930263157895 0.0 0.870657894737
com.soundcloud.android 7 0.0290045356887 0.0982334686083 0.0 0.872761995703
com.soundcloud.android 8 0.0441518987342 0.193248945148 0.0 0.762599156118
com.soundcloud.android 9 0.0899983576942 0.235342420759 0.0 0.674659221547
com.soundcloud.android 10 0.0312601834179 0.148573157674 0.0 0.820166658908
com.spotify.music 1 0.099189110918 0.106211989574 0.00275123081379 0.791847668694
com.spotify.music 2 0.268229166667 0.0 0.0989583333333 0.6328125
com.spotify.music 3 0.0228819969743 0.0973633023557 0.0010265830992 0.878728117571
com.spotify.music 4 0.0566886469355 0.244441036651 0.000971221182845 0.697899095231
com.spotify.music 5 0.0526587328885 0.123925156497 0.00130700969939 0.822109100915
com.spotify.music 6 0.287449392713 0.0 0.0769230769231 0.635627530364
com.spotify.music 7 0.13982300885 0.0 0.0672566371681 0.792920353982
com.spotify.music 8 0.0449575508104 0.0311294057113 0.00122202212503 0.922691021353
com.spotify.music 9 0.0 0.0 1.0 0.0
com.spotify.music 10 0.0 0.0 1.0 0.0
com.ubercab 1 0.10091053379 0.203909447832 0.0 0.695180018378
com.ubercab 2 0.0816603684459 0.188060935286 0.0 0.730278696268
com.ubercab 3 0.0771518544437 0.205096804292 0.0 0.717751341264
com.ubercab 4 0.0489036781746 0.143324024006 0.0 0.807772297819
com.ubercab 5 0.0904102255237 0.213745566486 0.0 0.69584420799
com.ubercab 6 0.0801330321285 0.202685742972 0.0 0.7171812249
com.ubercab 7 0.107768881195 0.225881843757 0.0 0.666349275049
com.ubercab 8 0.118324860809 0.264100702009 0.0 0.617574437182
com.ubercab 9 0.0734376413132 0.165732115402 0.0 0.760830243285
com.ubercab 10 0.0633773161145 0.160724312184 0.0 0.775898371701
com.facebook.katana 1 0.0 0.0229271592874 0.00766744343381 0.969405397279
com.facebook.katana 2 0.0 0.0814581458146 0.015301530153 0.903240324032
com.facebook.katana 3 0.0 0.105433376455 0.0131953428202 0.881371280724
com.facebook.katana 4 0.0 0.072 0.0133770491803 0.91462295082
com.facebook.katana 5 0.0 0.0568999345978 0.0111183780249 0.931981687377
com.facebook.katana 6 0.0 0.0262327981651 0.014621559633 0.959145642202
com.facebook.katana 7 0.0 0.0780392156863 0.0133333333333 0.90862745098
com.facebook.katana 8 0.0 0.0607762017336 0.0100472813239 0.929176516942
com.facebook.katana 9 0.0 0.081435164508 0.0151853506029 0.903379484889
com.facebook.katana 10 0.0 0.0277751712489 0.00957117387633 0.962653654875
com.facebook.orca 1 0.119562792773 0.0876645103725 0.0 0.792772696855
com.facebook.orca 2 0.0824324324324 0.278378378378 0.0 0.639189189189
com.facebook.orca 3 0.135430038511 0.196405648267 0.0 0.668164313222
com.facebook.orca 4 0.161592505855 0.241217798595 0.0 0.59718969555
com.facebook.orca 5 0.0895390070922 0.0780141843972 0.0 0.832446808511
com.facebook.orca 6 0.154054054054 0.200675675676 0.0 0.64527027027
com.facebook.orca 7 0.096752368065 0.222598105548 0.0 0.680649526387
com.facebook.orca 8 0.133164235891 0.199112238427 0.0 0.667723525682
com.facebook.orca 9 0.157495256167 0.196710942441 0.0 0.645793801392
com.facebook.orca 10 0.111801242236 0.229123533471 0.0 0.659075224293
com.twitter.android 1 0.0766440439972 0.148958577112 0.0 0.774397378891
com.twitter.android 2 0.117601646938 0.12197632527 0.0 0.760422027792
com.twitter.android 3 0.0629899216125 0.131019036954 0.0 0.805991041433
com.twitter.android 4 0.16515729266 0.104861773117 0.0 0.729980934223
com.twitter.android 5 0.443902439024 0.436585365854 0.0 0.119512195122
com.twitter.android 6 0.0615860517435 0.126827896513 0.0 0.811586051744
com.twitter.android 7 0.253499222395 0.457231726283 0.0 0.289269051322
com.twitter.android 8 0.0547445255474 0.110401459854 0.0 0.834854014599
com.twitter.android 9 0.104191379992 0.0919335705813 0.0 0.803875049427
com.twitter.android 10 0.0470814977974 0.120044052863 0.0 0.832874449339
com.snapchat.android 1 0.0462210733629 0.131154603644 0.0167405219104 0.805883801083
com.snapchat.android 2 0.0492408355004 0.160221457931 0.0228168777787 0.76772082879
com.snapchat.android 3 0.0245620715918 0.177837014471 0.025894897182 0.771706016756
com.snapchat.android 4 0.0316848808869 0.159760987499 0.0213853290353 0.787168802579
com.snapchat.android 5 0.0464126330244 0.121455544113 0.0186749055956 0.813456917267
com.snapchat.android 6 0.0456668396471 0.20403044456 0.0235253416364 0.726777374157
com.snapchat.android 7 0.0515808908378 0.27140549273 0.0313870297715 0.645626586661
com.snapchat.android 8 0.0330353672756 0.19656043529 0.0264282938204 0.743975903614
com.snapchat.android 9 0.0407320611539 0.222185023993 0.0303537551613 0.706729159692
com.snapchat.android 10 0.0336021505376 0.22876344086 0.0365591397849 0.701075268817
com.instagram.android 1 0.00990268055318 0.126856752604 0.0 0.863240566843
com.instagram.android 2 0.0 0.101086300543 0.0 0.898913699457
com.instagram.android 3 0.0 0.0656779661017 0.0 0.934322033898
com.instagram.android 4 0.0 0.130890052356 0.0 0.869109947644
com.instagram.android 5 0.0 0.166516853933 0.0 0.833483146067
com.instagram.android 6 0.0 0.0948947552041 0.0 0.905105244796
com.instagram.android 7 0.0 0.107788500748 0.0 0.892211499252
com.instagram.android 8 0.0 0.0976732293531 0.0 0.902326770647
com.instagram.android 9 0.0 0.196680418306 0.0 0.803319581694
com.instagram.android 10 0.011942360837 0.0603039873668 0.0 0.927753651796
com.google.android.gm 1 0.132461625924 0.155201819215 0.0 0.712336554861
com.google.android.gm 2 0.293080054274 0.371777476255 0.0 0.335142469471
com.google.android.gm 3 0.126984126984 0.146031746032 0.0 0.726984126984
com.google.android.gm 4 0.131623931624 0.381196581197 0.0 0.487179487179
com.google.android.gm 5 nan nan nan nan
com.google.android.gm 6 0.261870503597 0.378417266187 0.0 0.359712230216
com.google.android.gm 7 0.098261526833 0.206349206349 0.0 0.695389266818
com.google.android.gm 8 0.119162640902 0.452495974235 0.0 0.428341384863
com.google.android.gm 9 0.153550863724 0.154830454255 0.0 0.691618682022
com.google.android.gm 10 0.267806267806 0.347578347578 0.0 0.384615384615
com.whatsapp 1 0.09 0.050 0.0 0.859
com.whatsapp 2 0.08 0.051 0.0 0.868
com.whatsapp 3 0.09 0.083 0.0 0.826
com.whatsapp 4 0.09 0.038 0.0 0.872
com.whatsapp 5 0.07 0.069 0.0 0.860
com.whatsapp 6 0.09 0.061 0.0 0.848
com.whatsapp 7 0.09 0.044 0.0 0.866
com.whatsapp 8 0.09 0.0775 0.833
com.whatsapp 9 0.09 0.073 0.0 0.837
com.whatsapp 10 0.09 0.049 0.0 0.860
